Features function takes board state and computes size (27,9,9) torch Tensor of input features 
        
        9x9 layer index: feature
        ------------------------
        0: player stones        
            1 if coord has player's stones, else 0
        1: opponent stones      
            1 if coord has opponent's stone, else 0
        2: empty                
            1 if coord is empty, else 0
        3: turn                 
            all 1's if it is B's turn, all 0's if it is W's turn
        4: last move
            1 if coord was last move, else 0
        5: legal                
            1 if coord is legal move for player, else 0
        6-12: liberties         
            n if stone at coord has n liberties, else 0
            layer 5 has coords with 1 liberty
            layer 6 has coords with 2 liberties
            ...
            layer 11 has coords with >6 liberties
        13-19: liberties after playing
            n if coord is a legal move and player's stone has n liberties after playing, else 0
            liberties are calculated after making any captures
            liberties are separated the same way as 5-11
        20-26: number of captures
            n if playing at coord would capture n opponent stones, else 0
            number of captures are separated the same way as 5-11

Example board: 

board string = "...................OOOXX....XOXO......X..X.....X.X.O......O......................""
turn = WHITE
last move = BLACK E6 

          A B C D E F G H J
	1 . . . . . . . . .
	2 . . . . . . . . .
	3 . O O O X X + . .
	4 . X O X O . . . .
	5 . . X . + X . . .
	6 . . X . X . O . .
	7 . . + . O . + . .
	8 . . . . . . . . .
	9 . . . . . . . . .

Features output:

        [[[0., 0., 0., 0., 0., 0., 0., 0., 0.],
         [0., 0., 0., 0., 0., 0., 0., 0., 0.],
         [0., 1., 1., 1., 0., 0., 0., 0., 0.],
         [0., 0., 1., 0., 1., 0., 0., 0., 0.],          WHITE stones
         [0., 0., 0., 0., 0., 0., 0., 0., 0.],
         [0., 0., 0., 0., 0., 0., 1., 0., 0.],
         [0., 0., 0., 0., 1., 0., 0., 0., 0.],
         [0., 0., 0., 0., 0., 0., 0., 0., 0.],
         [0., 0., 0., 0., 0., 0., 0., 0., 0.]],

        [[0., 0., 0., 0., 0., 0., 0., 0., 0.],
         [0., 0., 0., 0., 0., 0., 0., 0., 0.],
         [0., 0., 0., 0., 1., 1., 0., 0., 0.],
         [0., 1., 0., 1., 0., 0., 0., 0., 0.],          BLACK stones 
         [0., 0., 1., 0., 0., 1., 0., 0., 0.],
         [0., 0., 1., 0., 1., 0., 0., 0., 0.],
         [0., 0., 0., 0., 0., 0., 0., 0., 0.],
         [0., 0., 0., 0., 0., 0., 0., 0., 0.],
         [0., 0., 0., 0., 0., 0., 0., 0., 0.]],

        [[1., 1., 1., 1., 1., 1., 1., 1., 1.],
         [1., 1., 1., 1., 1., 1., 1., 1., 1.],
         [1., 0., 0., 0., 0., 0., 1., 1., 1.],
         [1., 0., 0., 0., 0., 1., 1., 1., 1.],
         [1., 1., 0., 1., 1., 0., 1., 1., 1.],          EMPTY coords
         [1., 1., 0., 1., 0., 1., 0., 1., 1.],
         [1., 1., 1., 1., 0., 1., 1., 1., 1.],
         [1., 1., 1., 1., 1., 1., 1., 1., 1.],
         [1., 1., 1., 1., 1., 1., 1., 1., 1.]],

        [[0., 0., 0., 0., 0., 0., 0., 0., 0.],
         [0., 0., 0., 0., 0., 0., 0., 0., 0.],
         [0., 0., 0., 0., 0., 0., 0., 0., 0.],
         [0., 0., 0., 0., 0., 0., 0., 0., 0.],
         [0., 0., 0., 0., 0., 0., 0., 0., 0.],          WHITE's turn
         [0., 0., 0., 0., 0., 0., 0., 0., 0.],
         [0., 0., 0., 0., 0., 0., 0., 0., 0.],
         [0., 0., 0., 0., 0., 0., 0., 0., 0.],
         [0., 0., 0., 0., 0., 0., 0., 0., 0.]],

        [[0., 0., 0., 0., 0., 0., 0., 0., 0.],
         [0., 0., 0., 0., 0., 0., 0., 0., 0.],
         [0., 0., 0., 0., 0., 0., 0., 0., 0.],
         [0., 0., 0., 0., 0., 0., 0., 0., 0.],          
         [0., 0., 0., 0., 0., 0., 0., 0., 0.],          last move = E6
         [0., 0., 0., 0., 1., 0., 0., 0., 0.],
         [0., 0., 0., 0., 0., 0., 0., 0., 0.],
         [0., 0., 0., 0., 0., 0., 0., 0., 0.],
         [0., 0., 0., 0., 0., 0., 0., 0., 0.]],

        [[1., 1., 1., 1., 1., 1., 1., 1., 1.],
         [1., 1., 1., 1., 1., 1., 1., 1., 1.],
         [1., 0., 0., 0., 0., 0., 1., 1., 1.],
         [1., 0., 0., 0., 0., 1., 1., 1., 1.],          legal moves
         [1., 1., 0., 1., 1., 0., 1., 1., 1.],
         [1., 1., 0., 1., 0., 1., 0., 1., 1.],
         [1., 1., 1., 1., 0., 1., 1., 1., 1.],
         [1., 1., 1., 1., 1., 1., 1., 1., 1.],
         [1., 1., 1., 1., 1., 1., 1., 1., 1.]],

        [[0., 0., 0., 0., 0., 0., 0., 0., 0.],
         [0., 0., 0., 0., 0., 0., 0., 0., 0.],
         [0., 0., 0., 0., 0., 0., 0., 0., 0.],
         [0., 0., 0., 1., 0., 0., 0., 0., 0.],          1 liberty 
         [0., 0., 0., 0., 0., 0., 0., 0., 0.],
         [0., 0., 0., 0., 0., 0., 0., 0., 0.],
         [0., 0., 0., 0., 0., 0., 0., 0., 0.],
         [0., 0., 0., 0., 0., 0., 0., 0., 0.],
         [0., 0., 0., 0., 0., 0., 0., 0., 0.]],

        [[0., 0., 0., 0., 0., 0., 0., 0., 0.],
         [0., 0., 0., 0., 0., 0., 0., 0., 0.],
         [0., 0., 0., 0., 0., 0., 0., 0., 0.],
         [0., 2., 0., 0., 2., 0., 0., 0., 0.],          2 liberties
         [0., 0., 0., 0., 0., 0., 0., 0., 0.],
         [0., 0., 0., 0., 0., 0., 0., 0., 0.],
         [0., 0., 0., 0., 0., 0., 0., 0., 0.],
         [0., 0., 0., 0., 0., 0., 0., 0., 0.],
         [0., 0., 0., 0., 0., 0., 0., 0., 0.]],

        [[0., 0., 0., 0., 0., 0., 0., 0., 0.],
         [0., 0., 0., 0., 0., 0., 0., 0., 0.],
         [0., 0., 0., 0., 0., 0., 0., 0., 0.],
         [0., 0., 0., 0., 0., 0., 0., 0., 0.],          3 liberties
         [0., 0., 0., 0., 0., 0., 0., 0., 0.],
         [0., 0., 0., 0., 3., 0., 0., 0., 0.],
         [0., 0., 0., 0., 3., 0., 0., 0., 0.],
         [0., 0., 0., 0., 0., 0., 0., 0., 0.],
         [0., 0., 0., 0., 0., 0., 0., 0., 0.]],

        [[0., 0., 0., 0., 0., 0., 0., 0., 0.],
         [0., 0., 0., 0., 0., 0., 0., 0., 0.],
         [0., 4., 4., 4., 4., 4., 0., 0., 0.],
         [0., 0., 4., 0., 0., 0., 0., 0., 0.],          4 liberties
         [0., 0., 0., 0., 0., 4., 0., 0., 0.],
         [0., 0., 0., 0., 0., 0., 4., 0., 0.],
         [0., 0., 0., 0., 0., 0., 0., 0., 0.],
         [0., 0., 0., 0., 0., 0., 0., 0., 0.],
         [0., 0., 0., 0., 0., 0., 0., 0., 0.]],

        [[0., 0., 0., 0., 0., 0., 0., 0., 0.],
         [0., 0., 0., 0., 0., 0., 0., 0., 0.],
         [0., 0., 0., 0., 0., 0., 0., 0., 0.],
         [0., 0., 0., 0., 0., 0., 0., 0., 0.],
         [0., 0., 5., 0., 0., 0., 0., 0., 0.],
         [0., 0., 5., 0., 0., 0., 0., 0., 0.],
         [0., 0., 0., 0., 0., 0., 0., 0., 0.],
         [0., 0., 0., 0., 0., 0., 0., 0., 0.],
         [0., 0., 0., 0., 0., 0., 0., 0., 0.]],

        [[0., 0., 0., 0., 0., 0., 0., 0., 0.],
         [0., 0., 0., 0., 0., 0., 0., 0., 0.],
         [0., 0., 0., 0., 0., 0., 0., 0., 0.],
         [0., 0., 0., 0., 0., 0., 0., 0., 0.],
         [0., 0., 0., 0., 0., 0., 0., 0., 0.],
         [0., 0., 0., 0., 0., 0., 0., 0., 0.],
         [0., 0., 0., 0., 0., 0., 0., 0., 0.],
         [0., 0., 0., 0., 0., 0., 0., 0., 0.],
         [0., 0., 0., 0., 0., 0., 0., 0., 0.]],

        [[0., 0., 0., 0., 0., 0., 0., 0., 0.],
         [0., 0., 0., 0., 0., 0., 0., 0., 0.],
         [0., 0., 0., 0., 0., 0., 0., 0., 0.],
         [0., 0., 0., 0., 0., 0., 0., 0., 0.],          >6 liberties 
         [0., 0., 0., 0., 0., 0., 0., 0., 0.],
         [0., 0., 0., 0., 0., 0., 0., 0., 0.],
         [0., 0., 0., 0., 0., 0., 0., 0., 0.],
         [0., 0., 0., 0., 0., 0., 0., 0., 0.],
         [0., 0., 0., 0., 0., 0., 0., 0., 0.]],

        [[0., 0., 0., 0., 0., 0., 0., 0., 0.],
         [0., 0., 0., 0., 0., 0., 0., 0., 0.],
         [0., 0., 0., 0., 0., 0., 0., 0., 0.],
         [0., 0., 0., 0., 0., 0., 0., 0., 0.],          1 liberty after W move
         [0., 0., 0., 0., 0., 0., 0., 0., 0.],
         [0., 0., 0., 0., 0., 0., 0., 0., 0.],
         [0., 0., 0., 0., 0., 0., 0., 0., 0.],
         [0., 0., 0., 0., 0., 0., 0., 0., 0.],
         [0., 0., 0., 0., 0., 0., 0., 0., 0.]],

        [[2., 0., 0., 0., 0., 0., 0., 0., 2.],
         [0., 0., 0., 0., 0., 0., 0., 0., 0.],
         [0., 0., 0., 0., 0., 0., 0., 0., 0.],
         [2., 0., 0., 0., 0., 2., 0., 0., 0.],
         [0., 2., 0., 0., 2., 0., 0., 0., 0.],
         [0., 0., 0., 2., 0., 0., 0., 0., 0.],
         [0., 0., 0., 0., 0., 0., 0., 0., 0.],
         [0., 0., 0., 0., 0., 0., 0., 0., 0.],
         [2., 0., 0., 0., 0., 0., 0., 0., 2.]],

        [[0., 3., 3., 3., 3., 3., 3., 3., 0.],
         [3., 0., 0., 0., 3., 3., 0., 0., 3.],
         [0., 0., 0., 0., 0., 0., 3., 0., 3.],
         [0., 0., 0., 0., 0., 0., 0., 0., 3.],          3 liberties after W move
         [3., 0., 0., 3., 0., 0., 0., 0., 3.],          W D5 would have 3 liberties after capturing
         [3., 3., 0., 0., 0., 0., 0., 0., 3.],
         [3., 0., 3., 0., 0., 0., 0., 0., 3.],
         [3., 0., 0., 0., 0., 0., 0., 0., 3.],
         [0., 3., 3., 3., 3., 3., 3., 3., 0.]],

        [[0., 0., 0., 0., 0., 0., 0., 0., 0.],
         [0., 0., 4., 0., 0., 0., 4., 4., 0.],
         [0., 0., 0., 0., 0., 0., 0., 4., 0.],
         [0., 0., 0., 0., 0., 0., 4., 4., 0.],
         [0., 0., 0., 0., 0., 0., 0., 4., 0.],
         [0., 0., 0., 0., 0., 4., 0., 0., 0.],
         [0., 4., 0., 0., 0., 0., 0., 4., 0.],
         [0., 4., 4., 4., 0., 4., 4., 4., 0.],
         [0., 0., 0., 0., 0., 0., 0., 0., 0.]],

        [[0., 0., 0., 0., 0., 0., 0., 0., 0.],
         [0., 5., 0., 5., 0., 0., 0., 0., 0.],
         [5., 0., 0., 0., 0., 0., 0., 0., 0.],
         [0., 0., 0., 0., 0., 0., 0., 0., 0.],
         [0., 0., 0., 0., 0., 0., 5., 0., 0.],
         [0., 0., 0., 0., 0., 0., 0., 0., 0.],
         [0., 0., 0., 5., 0., 5., 0., 0., 0.],
         [0., 0., 0., 0., 5., 0., 0., 0., 0.],
         [0., 0., 0., 0., 0., 0., 0., 0., 0.]],

        [[0., 0., 0., 0., 0., 0., 0., 0., 0.],
         [0., 0., 0., 0., 0., 0., 0., 0., 0.],
         [0., 0., 0., 0., 0., 0., 0., 0., 0.],
         [0., 0., 0., 0., 0., 0., 0., 0., 0.],
         [0., 0., 0., 0., 0., 0., 0., 0., 0.],
         [0., 0., 0., 0., 0., 0., 0., 6., 0.],
         [0., 0., 0., 0., 0., 0., 6., 0., 0.],
         [0., 0., 0., 0., 0., 0., 0., 0., 0.],
         [0., 0., 0., 0., 0., 0., 0., 0., 0.]],

        [[0., 0., 0., 0., 0., 0., 0., 0., 0.],
         [0., 0., 0., 0., 0., 0., 0., 0., 0.],
         [0., 0., 0., 0., 0., 0., 0., 0., 0.],
         [0., 0., 0., 0., 0., 0., 0., 0., 0.],          >6 liberties after W move
         [0., 0., 0., 0., 0., 0., 0., 0., 0.],
         [0., 0., 0., 0., 0., 0., 0., 0., 0.],
         [0., 0., 0., 0., 0., 0., 0., 0., 0.],
         [0., 0., 0., 0., 0., 0., 0., 0., 0.],
         [0., 0., 0., 0., 0., 0., 0., 0., 0.]],

        [[0., 0., 0., 0., 0., 0., 0., 0., 0.],
         [0., 0., 0., 0., 0., 0., 0., 0., 0.],
         [0., 0., 0., 0., 0., 0., 0., 0., 0.],
         [0., 0., 0., 0., 0., 0., 0., 0., 0.],          W D5 captures 1 stone
         [0., 0., 0., 1., 0., 0., 0., 0., 0.],
         [0., 0., 0., 0., 0., 0., 0., 0., 0.],
         [0., 0., 0., 0., 0., 0., 0., 0., 0.],
         [0., 0., 0., 0., 0., 0., 0., 0., 0.],
         [0., 0., 0., 0., 0., 0., 0., 0., 0.]],

        [[0., 0., 0., 0., 0., 0., 0., 0., 0.],
         [0., 0., 0., 0., 0., 0., 0., 0., 0.],
         [0., 0., 0., 0., 0., 0., 0., 0., 0.],
         [0., 0., 0., 0., 0., 0., 0., 0., 0.],
         [0., 0., 0., 0., 0., 0., 0., 0., 0.],
         [0., 0., 0., 0., 0., 0., 0., 0., 0.],
         [0., 0., 0., 0., 0., 0., 0., 0., 0.],
         [0., 0., 0., 0., 0., 0., 0., 0., 0.],
         [0., 0., 0., 0., 0., 0., 0., 0., 0.]],

        [[0., 0., 0., 0., 0., 0., 0., 0., 0.],
         [0., 0., 0., 0., 0., 0., 0., 0., 0.],
         [0., 0., 0., 0., 0., 0., 0., 0., 0.],
         [0., 0., 0., 0., 0., 0., 0., 0., 0.],
         [0., 0., 0., 0., 0., 0., 0., 0., 0.],
         [0., 0., 0., 0., 0., 0., 0., 0., 0.],
         [0., 0., 0., 0., 0., 0., 0., 0., 0.],
         [0., 0., 0., 0., 0., 0., 0., 0., 0.],
         [0., 0., 0., 0., 0., 0., 0., 0., 0.]],

        [[0., 0., 0., 0., 0., 0., 0., 0., 0.],
         [0., 0., 0., 0., 0., 0., 0., 0., 0.],
         [0., 0., 0., 0., 0., 0., 0., 0., 0.],
         [0., 0., 0., 0., 0., 0., 0., 0., 0.],
         [0., 0., 0., 0., 0., 0., 0., 0., 0.],
         [0., 0., 0., 0., 0., 0., 0., 0., 0.],
         [0., 0., 0., 0., 0., 0., 0., 0., 0.],
         [0., 0., 0., 0., 0., 0., 0., 0., 0.],
         [0., 0., 0., 0., 0., 0., 0., 0., 0.]],

        [[0., 0., 0., 0., 0., 0., 0., 0., 0.],
         [0., 0., 0., 0., 0., 0., 0., 0., 0.],
         [0., 0., 0., 0., 0., 0., 0., 0., 0.],
         [0., 0., 0., 0., 0., 0., 0., 0., 0.],
         [0., 0., 0., 0., 0., 0., 0., 0., 0.],
         [0., 0., 0., 0., 0., 0., 0., 0., 0.],
         [0., 0., 0., 0., 0., 0., 0., 0., 0.],
         [0., 0., 0., 0., 0., 0., 0., 0., 0.],
         [0., 0., 0., 0., 0., 0., 0., 0., 0.]],

        [[0., 0., 0., 0., 0., 0., 0., 0., 0.],
         [0., 0., 0., 0., 0., 0., 0., 0., 0.],
         [0., 0., 0., 0., 0., 0., 0., 0., 0.],
         [0., 0., 0., 0., 0., 0., 0., 0., 0.],
         [0., 0., 0., 0., 0., 0., 0., 0., 0.],
         [0., 0., 0., 0., 0., 0., 0., 0., 0.],
         [0., 0., 0., 0., 0., 0., 0., 0., 0.],
         [0., 0., 0., 0., 0., 0., 0., 0., 0.],
         [0., 0., 0., 0., 0., 0., 0., 0., 0.]],

        [[0., 0., 0., 0., 0., 0., 0., 0., 0.],
         [0., 0., 0., 0., 0., 0., 0., 0., 0.],
         [0., 0., 0., 0., 0., 0., 0., 0., 0.],
         [0., 0., 0., 0., 0., 0., 0., 0., 0.],          >6 captures
         [0., 0., 0., 0., 0., 0., 0., 0., 0.],
         [0., 0., 0., 0., 0., 0., 0., 0., 0.],
         [0., 0., 0., 0., 0., 0., 0., 0., 0.],
         [0., 0., 0., 0., 0., 0., 0., 0., 0.],
         [0., 0., 0., 0., 0., 0., 0., 0., 0.]]]
